# H W c_in stride   -- generated by the sweep planner
# every line satisfies ceil(W/8)*c_in <= 2048 (line-buffer capacity,
# which has NO bounds check in the RTL)
90 160 3 2
180 160 3 2
360 160 3 2
720 160 3 2
90 320 3 2
180 320 3 2
360 320 3 2
720 320 3 2
90 640 3 2
180 640 3 2
360 640 3 2
720 640 3 2
90 1280 3 2
180 1280 3 2
360 1280 3 2
720 1280 3 2
90 160 8 2
180 160 8 2
360 160 8 2
720 160 8 2
90 320 8 2
180 320 8 2
360 320 8 2
720 320 8 2
90 640 8 2
180 640 8 2
360 640 8 2
720 640 8 2
90 1280 8 2
180 1280 8 2
360 1280 8 2
720 1280 8 2
90 160 16 2
180 160 16 2
360 160 16 2
720 160 16 2
90 320 16 2
180 320 16 2
360 320 16 2
720 320 16 2
90 640 16 2
180 640 16 2
360 640 16 2
720 640 16 2
90 160 32 2
180 160 32 2
360 160 32 2
720 160 32 2
90 320 32 2
180 320 32 2
360 320 32 2
720 320 32 2
90 160 48 2
180 160 48 2
360 160 48 2
720 160 48 2
90 320 48 2
180 320 48 2
360 320 48 2
720 320 48 2
90 160 64 2
180 160 64 2
360 160 64 2
720 160 64 2
180 160 3 1
180 320 3 1
180 640 3 1
180 160 8 1
180 320 8 1
180 640 8 1
180 160 16 1
180 320 16 1
180 640 16 1
180 160 32 1
180 320 32 1
180 160 48 1
180 320 48 1
180 160 64 1
24 67 3 1
24 67 3 2
24 100 3 1
24 100 3 2
24 1435 3 1
24 1435 3 2
24 1279 3 1
24 1279 3 2
1 160 8 1
1 160 8 2
2 160 8 1
2 160 8 2
4 160 8 1
4 160 8 2
8 160 8 1
8 160 8 2
16 160 8 1
16 160 8 2
32 160 8 1
32 160 8 2
